{
 "cells": [
  {
   "cell_type": "code",
   "execution_count": 1,
   "id": "2a621687",
   "metadata": {},
   "outputs": [],
   "source": [
    "import numpy as np\n",
    "import pandas as pd #to read files or work with dataframes\n",
    "import yfinance as yf\n",
    "import datetime as datetime #to specify start and end dates\n",
    "import matplotlib.pyplot as plt #to visualize\n",
    "from matplotlib import style\n",
    "import pandas_datareader as dr #to collect data\n",
    "from pandas_datareader import data\n",
    "import cvxpy as cp\n",
    "import cvxopt as opt\n",
    "from cvxopt import blas, solvers\n",
    "import scipy.optimize as sco\n",
    "\n",
    "%matplotlib inline"
   ]
  },
  {
   "cell_type": "code",
   "execution_count": 2,
   "id": "6fd3d662",
   "metadata": {},
   "outputs": [],
   "source": [
    "#Parameter set up:\n",
    "n_portfolios = 5000\n",
    "n_days = 252\n",
    "assets = ['ETH-GBP', 'BARC.L', 'GSK.L', 'BP.L', 'BATS.L', 'AVV.L', 'GLEN.L', 'SGRO.L', 'OCDO.L', 'JD.L', 'SGE.L', 'PSN.L', 'VOD.L', 'AHT.L', 'FERG.L', 'BA.L']\n",
    "assets.sort()\n",
    "start_date = '2020-01-01'\n",
    "end_date = '2022-04-25'\n",
    "\n",
    "n_assets = len(assets)"
   ]
  },
  {
   "cell_type": "code",
   "execution_count": 3,
   "id": "a4ae25ea",
   "metadata": {},
   "outputs": [
    {
     "name": "stdout",
     "output_type": "stream",
     "text": [
      "[*********************100%***********************]  16 of 16 completed\n"
     ]
    }
   ],
   "source": [
    "#Downloading stockprices from Yahoo Finance:\n",
    "prices = yf.download(assets, start=start_date, end=end_date, adjusted=True)"
   ]
  },
  {
   "cell_type": "code",
   "execution_count": 4,
   "id": "1e903ab3",
   "metadata": {},
   "outputs": [
    {
     "data": {
      "text/html": [
       "<div>\n",
       "<style scoped>\n",
       "    .dataframe tbody tr th:only-of-type {\n",
       "        vertical-align: middle;\n",
       "    }\n",
       "\n",
       "    .dataframe tbody tr th {\n",
       "        vertical-align: top;\n",
       "    }\n",
       "\n",
       "    .dataframe thead th {\n",
       "        text-align: right;\n",
       "    }\n",
       "</style>\n",
       "<table border=\"1\" class=\"dataframe\">\n",
       "  <thead>\n",
       "    <tr style=\"text-align: right;\">\n",
       "      <th></th>\n",
       "      <th>AHT.L</th>\n",
       "      <th>AVV.L</th>\n",
       "      <th>BA.L</th>\n",
       "      <th>BARC.L</th>\n",
       "      <th>BATS.L</th>\n",
       "      <th>BP.L</th>\n",
       "      <th>ETH-GBP</th>\n",
       "      <th>FERG.L</th>\n",
       "      <th>GLEN.L</th>\n",
       "      <th>GSK.L</th>\n",
       "      <th>JD.L</th>\n",
       "      <th>OCDO.L</th>\n",
       "      <th>PSN.L</th>\n",
       "      <th>SGE.L</th>\n",
       "      <th>SGRO.L</th>\n",
       "      <th>VOD.L</th>\n",
       "    </tr>\n",
       "    <tr>\n",
       "      <th>Date</th>\n",
       "      <th></th>\n",
       "      <th></th>\n",
       "      <th></th>\n",
       "      <th></th>\n",
       "      <th></th>\n",
       "      <th></th>\n",
       "      <th></th>\n",
       "      <th></th>\n",
       "      <th></th>\n",
       "      <th></th>\n",
       "      <th></th>\n",
       "      <th></th>\n",
       "      <th></th>\n",
       "      <th></th>\n",
       "      <th></th>\n",
       "      <th></th>\n",
       "    </tr>\n",
       "  </thead>\n",
       "  <tbody>\n",
       "    <tr>\n",
       "      <th>2020-01-03</th>\n",
       "      <td>-0.006250</td>\n",
       "      <td>-0.004243</td>\n",
       "      <td>0.011847</td>\n",
       "      <td>-0.010259</td>\n",
       "      <td>0.026646</td>\n",
       "      <td>0.027451</td>\n",
       "      <td>0.058423</td>\n",
       "      <td>0.004013</td>\n",
       "      <td>0.002489</td>\n",
       "      <td>0.004052</td>\n",
       "      <td>-0.024296</td>\n",
       "      <td>0.004764</td>\n",
       "      <td>-0.016117</td>\n",
       "      <td>-0.012306</td>\n",
       "      <td>-0.004444</td>\n",
       "      <td>0.000947</td>\n",
       "    </tr>\n",
       "    <tr>\n",
       "      <th>2020-01-04</th>\n",
       "      <td>0.000000</td>\n",
       "      <td>0.000000</td>\n",
       "      <td>0.000000</td>\n",
       "      <td>0.000000</td>\n",
       "      <td>0.000000</td>\n",
       "      <td>0.000000</td>\n",
       "      <td>0.006690</td>\n",
       "      <td>0.000000</td>\n",
       "      <td>0.000000</td>\n",
       "      <td>0.000000</td>\n",
       "      <td>0.000000</td>\n",
       "      <td>0.000000</td>\n",
       "      <td>0.000000</td>\n",
       "      <td>0.000000</td>\n",
       "      <td>0.000000</td>\n",
       "      <td>0.000000</td>\n",
       "    </tr>\n",
       "    <tr>\n",
       "      <th>2020-01-05</th>\n",
       "      <td>0.000000</td>\n",
       "      <td>0.000000</td>\n",
       "      <td>0.000000</td>\n",
       "      <td>0.000000</td>\n",
       "      <td>0.000000</td>\n",
       "      <td>0.000000</td>\n",
       "      <td>0.009093</td>\n",
       "      <td>0.000000</td>\n",
       "      <td>0.000000</td>\n",
       "      <td>0.000000</td>\n",
       "      <td>0.000000</td>\n",
       "      <td>0.000000</td>\n",
       "      <td>0.000000</td>\n",
       "      <td>0.000000</td>\n",
       "      <td>0.000000</td>\n",
       "      <td>0.000000</td>\n",
       "    </tr>\n",
       "    <tr>\n",
       "      <th>2020-01-06</th>\n",
       "      <td>0.007966</td>\n",
       "      <td>-0.003835</td>\n",
       "      <td>0.013430</td>\n",
       "      <td>-0.012657</td>\n",
       "      <td>-0.000597</td>\n",
       "      <td>0.020342</td>\n",
       "      <td>0.051429</td>\n",
       "      <td>-0.014273</td>\n",
       "      <td>-0.022139</td>\n",
       "      <td>-0.007846</td>\n",
       "      <td>0.006410</td>\n",
       "      <td>0.004741</td>\n",
       "      <td>0.001117</td>\n",
       "      <td>-0.002980</td>\n",
       "      <td>-0.005580</td>\n",
       "      <td>-0.005813</td>\n",
       "    </tr>\n",
       "    <tr>\n",
       "      <th>2020-01-07</th>\n",
       "      <td>-0.002496</td>\n",
       "      <td>0.010265</td>\n",
       "      <td>0.002718</td>\n",
       "      <td>0.011935</td>\n",
       "      <td>0.016716</td>\n",
       "      <td>-0.010514</td>\n",
       "      <td>-0.000803</td>\n",
       "      <td>0.006082</td>\n",
       "      <td>0.002962</td>\n",
       "      <td>-0.004519</td>\n",
       "      <td>0.000490</td>\n",
       "      <td>0.042470</td>\n",
       "      <td>0.014132</td>\n",
       "      <td>-0.001358</td>\n",
       "      <td>-0.008530</td>\n",
       "      <td>-0.002856</td>\n",
       "    </tr>\n",
       "    <tr>\n",
       "      <th>...</th>\n",
       "      <td>...</td>\n",
       "      <td>...</td>\n",
       "      <td>...</td>\n",
       "      <td>...</td>\n",
       "      <td>...</td>\n",
       "      <td>...</td>\n",
       "      <td>...</td>\n",
       "      <td>...</td>\n",
       "      <td>...</td>\n",
       "      <td>...</td>\n",
       "      <td>...</td>\n",
       "      <td>...</td>\n",
       "      <td>...</td>\n",
       "      <td>...</td>\n",
       "      <td>...</td>\n",
       "      <td>...</td>\n",
       "    </tr>\n",
       "    <tr>\n",
       "      <th>2022-04-20</th>\n",
       "      <td>0.040070</td>\n",
       "      <td>0.015696</td>\n",
       "      <td>0.006053</td>\n",
       "      <td>0.021826</td>\n",
       "      <td>0.011291</td>\n",
       "      <td>0.000249</td>\n",
       "      <td>-0.012589</td>\n",
       "      <td>0.035122</td>\n",
       "      <td>-0.031180</td>\n",
       "      <td>-0.010684</td>\n",
       "      <td>0.010136</td>\n",
       "      <td>-0.053368</td>\n",
       "      <td>0.013730</td>\n",
       "      <td>-0.003055</td>\n",
       "      <td>0.007749</td>\n",
       "      <td>-0.014726</td>\n",
       "    </tr>\n",
       "    <tr>\n",
       "      <th>2022-04-21</th>\n",
       "      <td>0.008585</td>\n",
       "      <td>0.025214</td>\n",
       "      <td>-0.010942</td>\n",
       "      <td>0.007926</td>\n",
       "      <td>0.009203</td>\n",
       "      <td>0.004986</td>\n",
       "      <td>-0.026162</td>\n",
       "      <td>0.016965</td>\n",
       "      <td>-0.032022</td>\n",
       "      <td>0.002298</td>\n",
       "      <td>0.019031</td>\n",
       "      <td>0.007394</td>\n",
       "      <td>0.014447</td>\n",
       "      <td>0.012813</td>\n",
       "      <td>0.008422</td>\n",
       "      <td>0.000311</td>\n",
       "    </tr>\n",
       "    <tr>\n",
       "      <th>2022-04-22</th>\n",
       "      <td>-0.036952</td>\n",
       "      <td>-0.000793</td>\n",
       "      <td>0.005127</td>\n",
       "      <td>-0.022391</td>\n",
       "      <td>-0.001495</td>\n",
       "      <td>-0.024805</td>\n",
       "      <td>0.006721</td>\n",
       "      <td>-0.023170</td>\n",
       "      <td>-0.027568</td>\n",
       "      <td>-0.001605</td>\n",
       "      <td>-0.016638</td>\n",
       "      <td>-0.044037</td>\n",
       "      <td>-0.014241</td>\n",
       "      <td>-0.003575</td>\n",
       "      <td>-0.001089</td>\n",
       "      <td>-0.006693</td>\n",
       "    </tr>\n",
       "    <tr>\n",
       "      <th>2022-04-23</th>\n",
       "      <td>0.000000</td>\n",
       "      <td>0.000000</td>\n",
       "      <td>0.000000</td>\n",
       "      <td>0.000000</td>\n",
       "      <td>0.000000</td>\n",
       "      <td>0.000000</td>\n",
       "      <td>-0.009013</td>\n",
       "      <td>0.000000</td>\n",
       "      <td>0.000000</td>\n",
       "      <td>0.000000</td>\n",
       "      <td>0.000000</td>\n",
       "      <td>0.000000</td>\n",
       "      <td>0.000000</td>\n",
       "      <td>0.000000</td>\n",
       "      <td>0.000000</td>\n",
       "      <td>0.000000</td>\n",
       "    </tr>\n",
       "    <tr>\n",
       "      <th>2022-04-24</th>\n",
       "      <td>0.000000</td>\n",
       "      <td>0.000000</td>\n",
       "      <td>0.000000</td>\n",
       "      <td>0.000000</td>\n",
       "      <td>0.000000</td>\n",
       "      <td>0.000000</td>\n",
       "      <td>-0.004370</td>\n",
       "      <td>0.000000</td>\n",
       "      <td>0.000000</td>\n",
       "      <td>0.000000</td>\n",
       "      <td>0.000000</td>\n",
       "      <td>0.000000</td>\n",
       "      <td>0.000000</td>\n",
       "      <td>0.000000</td>\n",
       "      <td>0.000000</td>\n",
       "      <td>0.000000</td>\n",
       "    </tr>\n",
       "  </tbody>\n",
       "</table>\n",
       "<p>843 rows × 16 columns</p>\n",
       "</div>"
      ],
      "text/plain": [
       "               AHT.L     AVV.L      BA.L    BARC.L    BATS.L      BP.L  \\\n",
       "Date                                                                     \n",
       "2020-01-03 -0.006250 -0.004243  0.011847 -0.010259  0.026646  0.027451   \n",
       "2020-01-04  0.000000  0.000000  0.000000  0.000000  0.000000  0.000000   \n",
       "2020-01-05  0.000000  0.000000  0.000000  0.000000  0.000000  0.000000   \n",
       "2020-01-06  0.007966 -0.003835  0.013430 -0.012657 -0.000597  0.020342   \n",
       "2020-01-07 -0.002496  0.010265  0.002718  0.011935  0.016716 -0.010514   \n",
       "...              ...       ...       ...       ...       ...       ...   \n",
       "2022-04-20  0.040070  0.015696  0.006053  0.021826  0.011291  0.000249   \n",
       "2022-04-21  0.008585  0.025214 -0.010942  0.007926  0.009203  0.004986   \n",
       "2022-04-22 -0.036952 -0.000793  0.005127 -0.022391 -0.001495 -0.024805   \n",
       "2022-04-23  0.000000  0.000000  0.000000  0.000000  0.000000  0.000000   \n",
       "2022-04-24  0.000000  0.000000  0.000000  0.000000  0.000000  0.000000   \n",
       "\n",
       "             ETH-GBP    FERG.L    GLEN.L     GSK.L      JD.L    OCDO.L  \\\n",
       "Date                                                                     \n",
       "2020-01-03  0.058423  0.004013  0.002489  0.004052 -0.024296  0.004764   \n",
       "2020-01-04  0.006690  0.000000  0.000000  0.000000  0.000000  0.000000   \n",
       "2020-01-05  0.009093  0.000000  0.000000  0.000000  0.000000  0.000000   \n",
       "2020-01-06  0.051429 -0.014273 -0.022139 -0.007846  0.006410  0.004741   \n",
       "2020-01-07 -0.000803  0.006082  0.002962 -0.004519  0.000490  0.042470   \n",
       "...              ...       ...       ...       ...       ...       ...   \n",
       "2022-04-20 -0.012589  0.035122 -0.031180 -0.010684  0.010136 -0.053368   \n",
       "2022-04-21 -0.026162  0.016965 -0.032022  0.002298  0.019031  0.007394   \n",
       "2022-04-22  0.006721 -0.023170 -0.027568 -0.001605 -0.016638 -0.044037   \n",
       "2022-04-23 -0.009013  0.000000  0.000000  0.000000  0.000000  0.000000   \n",
       "2022-04-24 -0.004370  0.000000  0.000000  0.000000  0.000000  0.000000   \n",
       "\n",
       "               PSN.L     SGE.L    SGRO.L     VOD.L  \n",
       "Date                                                \n",
       "2020-01-03 -0.016117 -0.012306 -0.004444  0.000947  \n",
       "2020-01-04  0.000000  0.000000  0.000000  0.000000  \n",
       "2020-01-05  0.000000  0.000000  0.000000  0.000000  \n",
       "2020-01-06  0.001117 -0.002980 -0.005580 -0.005813  \n",
       "2020-01-07  0.014132 -0.001358 -0.008530 -0.002856  \n",
       "...              ...       ...       ...       ...  \n",
       "2022-04-20  0.013730 -0.003055  0.007749 -0.014726  \n",
       "2022-04-21  0.014447  0.012813  0.008422  0.000311  \n",
       "2022-04-22 -0.014241 -0.003575 -0.001089 -0.006693  \n",
       "2022-04-23  0.000000  0.000000  0.000000  0.000000  \n",
       "2022-04-24  0.000000  0.000000  0.000000  0.000000  \n",
       "\n",
       "[843 rows x 16 columns]"
      ]
     },
     "execution_count": 4,
     "metadata": {},
     "output_type": "execute_result"
    }
   ],
   "source": [
    "#Calculation of Annualised Average Returns and the corresponding Standard Deviation:\n",
    "returns = prices['Adj Close'].pct_change().dropna()\n",
    "returns"
   ]
  },
  {
   "cell_type": "code",
   "execution_count": 5,
   "id": "daeb5ddc",
   "metadata": {},
   "outputs": [
    {
     "data": {
      "text/plain": [
       "AHT.L      0.271205\n",
       "AVV.L     -0.057569\n",
       "BA.L       0.149862\n",
       "BARC.L     0.028847\n",
       "BATS.L     0.083654\n",
       "BP.L       0.052220\n",
       "ETH-GBP    1.279780\n",
       "FERG.L     0.181701\n",
       "GLEN.L     0.326757\n",
       "GSK.L      0.048683\n",
       "JD.L       0.049288\n",
       "OCDO.L     0.013049\n",
       "PSN.L      0.077692\n",
       "SGE.L      0.039201\n",
       "SGRO.L     0.174837\n",
       "VOD.L      0.032672\n",
       "dtype: float64"
      ]
     },
     "execution_count": 5,
     "metadata": {},
     "output_type": "execute_result"
    }
   ],
   "source": [
    "avg_returns = returns.mean()* n_days\n",
    "avg_returns"
   ]
  },
  {
   "cell_type": "code",
   "execution_count": 6,
   "id": "23156a60",
   "metadata": {},
   "outputs": [
    {
     "data": {
      "text/html": [
       "<div>\n",
       "<style scoped>\n",
       "    .dataframe tbody tr th:only-of-type {\n",
       "        vertical-align: middle;\n",
       "    }\n",
       "\n",
       "    .dataframe tbody tr th {\n",
       "        vertical-align: top;\n",
       "    }\n",
       "\n",
       "    .dataframe thead th {\n",
       "        text-align: right;\n",
       "    }\n",
       "</style>\n",
       "<table border=\"1\" class=\"dataframe\">\n",
       "  <thead>\n",
       "    <tr style=\"text-align: right;\">\n",
       "      <th></th>\n",
       "      <th>AHT.L</th>\n",
       "      <th>AVV.L</th>\n",
       "      <th>BA.L</th>\n",
       "      <th>BARC.L</th>\n",
       "      <th>BATS.L</th>\n",
       "      <th>BP.L</th>\n",
       "      <th>ETH-GBP</th>\n",
       "      <th>FERG.L</th>\n",
       "      <th>GLEN.L</th>\n",
       "      <th>GSK.L</th>\n",
       "      <th>JD.L</th>\n",
       "      <th>OCDO.L</th>\n",
       "      <th>PSN.L</th>\n",
       "      <th>SGE.L</th>\n",
       "      <th>SGRO.L</th>\n",
       "      <th>VOD.L</th>\n",
       "    </tr>\n",
       "  </thead>\n",
       "  <tbody>\n",
       "    <tr>\n",
       "      <th>AHT.L</th>\n",
       "      <td>0.132077</td>\n",
       "      <td>0.053821</td>\n",
       "      <td>0.036624</td>\n",
       "      <td>0.081115</td>\n",
       "      <td>0.030825</td>\n",
       "      <td>0.065107</td>\n",
       "      <td>0.045627</td>\n",
       "      <td>0.074902</td>\n",
       "      <td>0.065191</td>\n",
       "      <td>0.025023</td>\n",
       "      <td>0.086853</td>\n",
       "      <td>0.010818</td>\n",
       "      <td>0.069672</td>\n",
       "      <td>0.034978</td>\n",
       "      <td>0.028225</td>\n",
       "      <td>0.035919</td>\n",
       "    </tr>\n",
       "    <tr>\n",
       "      <th>AVV.L</th>\n",
       "      <td>0.053821</td>\n",
       "      <td>0.111612</td>\n",
       "      <td>0.018499</td>\n",
       "      <td>0.041470</td>\n",
       "      <td>0.017948</td>\n",
       "      <td>0.035564</td>\n",
       "      <td>0.046345</td>\n",
       "      <td>0.045556</td>\n",
       "      <td>0.040453</td>\n",
       "      <td>0.020725</td>\n",
       "      <td>0.062433</td>\n",
       "      <td>0.033436</td>\n",
       "      <td>0.045409</td>\n",
       "      <td>0.037793</td>\n",
       "      <td>0.033168</td>\n",
       "      <td>0.024152</td>\n",
       "    </tr>\n",
       "    <tr>\n",
       "      <th>BA.L</th>\n",
       "      <td>0.036624</td>\n",
       "      <td>0.018499</td>\n",
       "      <td>0.061427</td>\n",
       "      <td>0.041658</td>\n",
       "      <td>0.021858</td>\n",
       "      <td>0.042621</td>\n",
       "      <td>0.025305</td>\n",
       "      <td>0.027359</td>\n",
       "      <td>0.038178</td>\n",
       "      <td>0.017641</td>\n",
       "      <td>0.034394</td>\n",
       "      <td>0.000839</td>\n",
       "      <td>0.033848</td>\n",
       "      <td>0.016029</td>\n",
       "      <td>0.014129</td>\n",
       "      <td>0.024508</td>\n",
       "    </tr>\n",
       "    <tr>\n",
       "      <th>BARC.L</th>\n",
       "      <td>0.081115</td>\n",
       "      <td>0.041470</td>\n",
       "      <td>0.041658</td>\n",
       "      <td>0.151199</td>\n",
       "      <td>0.034879</td>\n",
       "      <td>0.092798</td>\n",
       "      <td>0.048454</td>\n",
       "      <td>0.060437</td>\n",
       "      <td>0.090829</td>\n",
       "      <td>0.021396</td>\n",
       "      <td>0.094297</td>\n",
       "      <td>-0.014181</td>\n",
       "      <td>0.082274</td>\n",
       "      <td>0.023765</td>\n",
       "      <td>0.027226</td>\n",
       "      <td>0.052799</td>\n",
       "    </tr>\n",
       "    <tr>\n",
       "      <th>BATS.L</th>\n",
       "      <td>0.030825</td>\n",
       "      <td>0.017948</td>\n",
       "      <td>0.021858</td>\n",
       "      <td>0.034879</td>\n",
       "      <td>0.051652</td>\n",
       "      <td>0.039182</td>\n",
       "      <td>0.012425</td>\n",
       "      <td>0.024314</td>\n",
       "      <td>0.033360</td>\n",
       "      <td>0.021434</td>\n",
       "      <td>0.020330</td>\n",
       "      <td>0.008763</td>\n",
       "      <td>0.020898</td>\n",
       "      <td>0.015528</td>\n",
       "      <td>0.013535</td>\n",
       "      <td>0.030655</td>\n",
       "    </tr>\n",
       "    <tr>\n",
       "      <th>BP.L</th>\n",
       "      <td>0.065107</td>\n",
       "      <td>0.035564</td>\n",
       "      <td>0.042621</td>\n",
       "      <td>0.092798</td>\n",
       "      <td>0.039182</td>\n",
       "      <td>0.143664</td>\n",
       "      <td>0.032932</td>\n",
       "      <td>0.041155</td>\n",
       "      <td>0.089001</td>\n",
       "      <td>0.025846</td>\n",
       "      <td>0.059981</td>\n",
       "      <td>-0.022869</td>\n",
       "      <td>0.051022</td>\n",
       "      <td>0.016933</td>\n",
       "      <td>0.016914</td>\n",
       "      <td>0.047474</td>\n",
       "    </tr>\n",
       "    <tr>\n",
       "      <th>ETH-GBP</th>\n",
       "      <td>0.045627</td>\n",
       "      <td>0.046345</td>\n",
       "      <td>0.025305</td>\n",
       "      <td>0.048454</td>\n",
       "      <td>0.012425</td>\n",
       "      <td>0.032932</td>\n",
       "      <td>0.650818</td>\n",
       "      <td>0.025903</td>\n",
       "      <td>0.047540</td>\n",
       "      <td>0.016394</td>\n",
       "      <td>0.043589</td>\n",
       "      <td>0.018219</td>\n",
       "      <td>0.037417</td>\n",
       "      <td>0.027883</td>\n",
       "      <td>0.029454</td>\n",
       "      <td>0.035041</td>\n",
       "    </tr>\n",
       "    <tr>\n",
       "      <th>FERG.L</th>\n",
       "      <td>0.074902</td>\n",
       "      <td>0.045556</td>\n",
       "      <td>0.027359</td>\n",
       "      <td>0.060437</td>\n",
       "      <td>0.024314</td>\n",
       "      <td>0.041155</td>\n",
       "      <td>0.025903</td>\n",
       "      <td>0.078166</td>\n",
       "      <td>0.051151</td>\n",
       "      <td>0.020740</td>\n",
       "      <td>0.068509</td>\n",
       "      <td>0.016224</td>\n",
       "      <td>0.060520</td>\n",
       "      <td>0.030516</td>\n",
       "      <td>0.029175</td>\n",
       "      <td>0.027171</td>\n",
       "    </tr>\n",
       "    <tr>\n",
       "      <th>GLEN.L</th>\n",
       "      <td>0.065191</td>\n",
       "      <td>0.040453</td>\n",
       "      <td>0.038178</td>\n",
       "      <td>0.090829</td>\n",
       "      <td>0.033360</td>\n",
       "      <td>0.089001</td>\n",
       "      <td>0.047540</td>\n",
       "      <td>0.051151</td>\n",
       "      <td>0.134609</td>\n",
       "      <td>0.022169</td>\n",
       "      <td>0.058830</td>\n",
       "      <td>-0.002157</td>\n",
       "      <td>0.059497</td>\n",
       "      <td>0.019210</td>\n",
       "      <td>0.026182</td>\n",
       "      <td>0.039885</td>\n",
       "    </tr>\n",
       "    <tr>\n",
       "      <th>GSK.L</th>\n",
       "      <td>0.025023</td>\n",
       "      <td>0.020725</td>\n",
       "      <td>0.017641</td>\n",
       "      <td>0.021396</td>\n",
       "      <td>0.021434</td>\n",
       "      <td>0.025846</td>\n",
       "      <td>0.016394</td>\n",
       "      <td>0.020740</td>\n",
       "      <td>0.022169</td>\n",
       "      <td>0.036762</td>\n",
       "      <td>0.016392</td>\n",
       "      <td>0.012905</td>\n",
       "      <td>0.019230</td>\n",
       "      <td>0.016028</td>\n",
       "      <td>0.011815</td>\n",
       "      <td>0.020463</td>\n",
       "    </tr>\n",
       "    <tr>\n",
       "      <th>JD.L</th>\n",
       "      <td>0.086853</td>\n",
       "      <td>0.062433</td>\n",
       "      <td>0.034394</td>\n",
       "      <td>0.094297</td>\n",
       "      <td>0.020330</td>\n",
       "      <td>0.059981</td>\n",
       "      <td>0.043589</td>\n",
       "      <td>0.068509</td>\n",
       "      <td>0.058830</td>\n",
       "      <td>0.016392</td>\n",
       "      <td>0.181858</td>\n",
       "      <td>-0.003670</td>\n",
       "      <td>0.095104</td>\n",
       "      <td>0.029465</td>\n",
       "      <td>0.039175</td>\n",
       "      <td>0.030281</td>\n",
       "    </tr>\n",
       "    <tr>\n",
       "      <th>OCDO.L</th>\n",
       "      <td>0.010818</td>\n",
       "      <td>0.033436</td>\n",
       "      <td>0.000839</td>\n",
       "      <td>-0.014181</td>\n",
       "      <td>0.008763</td>\n",
       "      <td>-0.022869</td>\n",
       "      <td>0.018219</td>\n",
       "      <td>0.016224</td>\n",
       "      <td>-0.002157</td>\n",
       "      <td>0.012905</td>\n",
       "      <td>-0.003670</td>\n",
       "      <td>0.139325</td>\n",
       "      <td>0.000572</td>\n",
       "      <td>0.022715</td>\n",
       "      <td>0.017687</td>\n",
       "      <td>0.006605</td>\n",
       "    </tr>\n",
       "    <tr>\n",
       "      <th>PSN.L</th>\n",
       "      <td>0.069672</td>\n",
       "      <td>0.045409</td>\n",
       "      <td>0.033848</td>\n",
       "      <td>0.082274</td>\n",
       "      <td>0.020898</td>\n",
       "      <td>0.051022</td>\n",
       "      <td>0.037417</td>\n",
       "      <td>0.060520</td>\n",
       "      <td>0.059497</td>\n",
       "      <td>0.019230</td>\n",
       "      <td>0.095104</td>\n",
       "      <td>0.000572</td>\n",
       "      <td>0.123313</td>\n",
       "      <td>0.027218</td>\n",
       "      <td>0.031641</td>\n",
       "      <td>0.032732</td>\n",
       "    </tr>\n",
       "    <tr>\n",
       "      <th>SGE.L</th>\n",
       "      <td>0.034978</td>\n",
       "      <td>0.037793</td>\n",
       "      <td>0.016029</td>\n",
       "      <td>0.023765</td>\n",
       "      <td>0.015528</td>\n",
       "      <td>0.016933</td>\n",
       "      <td>0.027883</td>\n",
       "      <td>0.030516</td>\n",
       "      <td>0.019210</td>\n",
       "      <td>0.016028</td>\n",
       "      <td>0.029465</td>\n",
       "      <td>0.022715</td>\n",
       "      <td>0.027218</td>\n",
       "      <td>0.056522</td>\n",
       "      <td>0.018985</td>\n",
       "      <td>0.014093</td>\n",
       "    </tr>\n",
       "    <tr>\n",
       "      <th>SGRO.L</th>\n",
       "      <td>0.028225</td>\n",
       "      <td>0.033168</td>\n",
       "      <td>0.014129</td>\n",
       "      <td>0.027226</td>\n",
       "      <td>0.013535</td>\n",
       "      <td>0.016914</td>\n",
       "      <td>0.029454</td>\n",
       "      <td>0.029175</td>\n",
       "      <td>0.026182</td>\n",
       "      <td>0.011815</td>\n",
       "      <td>0.039175</td>\n",
       "      <td>0.017687</td>\n",
       "      <td>0.031641</td>\n",
       "      <td>0.018985</td>\n",
       "      <td>0.045808</td>\n",
       "      <td>0.012309</td>\n",
       "    </tr>\n",
       "    <tr>\n",
       "      <th>VOD.L</th>\n",
       "      <td>0.035919</td>\n",
       "      <td>0.024152</td>\n",
       "      <td>0.024508</td>\n",
       "      <td>0.052799</td>\n",
       "      <td>0.030655</td>\n",
       "      <td>0.047474</td>\n",
       "      <td>0.035041</td>\n",
       "      <td>0.027171</td>\n",
       "      <td>0.039885</td>\n",
       "      <td>0.020463</td>\n",
       "      <td>0.030281</td>\n",
       "      <td>0.006605</td>\n",
       "      <td>0.032732</td>\n",
       "      <td>0.014093</td>\n",
       "      <td>0.012309</td>\n",
       "      <td>0.067589</td>\n",
       "    </tr>\n",
       "  </tbody>\n",
       "</table>\n",
       "</div>"
      ],
      "text/plain": [
       "            AHT.L     AVV.L      BA.L    BARC.L    BATS.L      BP.L   ETH-GBP  \\\n",
       "AHT.L    0.132077  0.053821  0.036624  0.081115  0.030825  0.065107  0.045627   \n",
       "AVV.L    0.053821  0.111612  0.018499  0.041470  0.017948  0.035564  0.046345   \n",
       "BA.L     0.036624  0.018499  0.061427  0.041658  0.021858  0.042621  0.025305   \n",
       "BARC.L   0.081115  0.041470  0.041658  0.151199  0.034879  0.092798  0.048454   \n",
       "BATS.L   0.030825  0.017948  0.021858  0.034879  0.051652  0.039182  0.012425   \n",
       "BP.L     0.065107  0.035564  0.042621  0.092798  0.039182  0.143664  0.032932   \n",
       "ETH-GBP  0.045627  0.046345  0.025305  0.048454  0.012425  0.032932  0.650818   \n",
       "FERG.L   0.074902  0.045556  0.027359  0.060437  0.024314  0.041155  0.025903   \n",
       "GLEN.L   0.065191  0.040453  0.038178  0.090829  0.033360  0.089001  0.047540   \n",
       "GSK.L    0.025023  0.020725  0.017641  0.021396  0.021434  0.025846  0.016394   \n",
       "JD.L     0.086853  0.062433  0.034394  0.094297  0.020330  0.059981  0.043589   \n",
       "OCDO.L   0.010818  0.033436  0.000839 -0.014181  0.008763 -0.022869  0.018219   \n",
       "PSN.L    0.069672  0.045409  0.033848  0.082274  0.020898  0.051022  0.037417   \n",
       "SGE.L    0.034978  0.037793  0.016029  0.023765  0.015528  0.016933  0.027883   \n",
       "SGRO.L   0.028225  0.033168  0.014129  0.027226  0.013535  0.016914  0.029454   \n",
       "VOD.L    0.035919  0.024152  0.024508  0.052799  0.030655  0.047474  0.035041   \n",
       "\n",
       "           FERG.L    GLEN.L     GSK.L      JD.L    OCDO.L     PSN.L     SGE.L  \\\n",
       "AHT.L    0.074902  0.065191  0.025023  0.086853  0.010818  0.069672  0.034978   \n",
       "AVV.L    0.045556  0.040453  0.020725  0.062433  0.033436  0.045409  0.037793   \n",
       "BA.L     0.027359  0.038178  0.017641  0.034394  0.000839  0.033848  0.016029   \n",
       "BARC.L   0.060437  0.090829  0.021396  0.094297 -0.014181  0.082274  0.023765   \n",
       "BATS.L   0.024314  0.033360  0.021434  0.020330  0.008763  0.020898  0.015528   \n",
       "BP.L     0.041155  0.089001  0.025846  0.059981 -0.022869  0.051022  0.016933   \n",
       "ETH-GBP  0.025903  0.047540  0.016394  0.043589  0.018219  0.037417  0.027883   \n",
       "FERG.L   0.078166  0.051151  0.020740  0.068509  0.016224  0.060520  0.030516   \n",
       "GLEN.L   0.051151  0.134609  0.022169  0.058830 -0.002157  0.059497  0.019210   \n",
       "GSK.L    0.020740  0.022169  0.036762  0.016392  0.012905  0.019230  0.016028   \n",
       "JD.L     0.068509  0.058830  0.016392  0.181858 -0.003670  0.095104  0.029465   \n",
       "OCDO.L   0.016224 -0.002157  0.012905 -0.003670  0.139325  0.000572  0.022715   \n",
       "PSN.L    0.060520  0.059497  0.019230  0.095104  0.000572  0.123313  0.027218   \n",
       "SGE.L    0.030516  0.019210  0.016028  0.029465  0.022715  0.027218  0.056522   \n",
       "SGRO.L   0.029175  0.026182  0.011815  0.039175  0.017687  0.031641  0.018985   \n",
       "VOD.L    0.027171  0.039885  0.020463  0.030281  0.006605  0.032732  0.014093   \n",
       "\n",
       "           SGRO.L     VOD.L  \n",
       "AHT.L    0.028225  0.035919  \n",
       "AVV.L    0.033168  0.024152  \n",
       "BA.L     0.014129  0.024508  \n",
       "BARC.L   0.027226  0.052799  \n",
       "BATS.L   0.013535  0.030655  \n",
       "BP.L     0.016914  0.047474  \n",
       "ETH-GBP  0.029454  0.035041  \n",
       "FERG.L   0.029175  0.027171  \n",
       "GLEN.L   0.026182  0.039885  \n",
       "GSK.L    0.011815  0.020463  \n",
       "JD.L     0.039175  0.030281  \n",
       "OCDO.L   0.017687  0.006605  \n",
       "PSN.L    0.031641  0.032732  \n",
       "SGE.L    0.018985  0.014093  \n",
       "SGRO.L   0.045808  0.012309  \n",
       "VOD.L    0.012309  0.067589  "
      ]
     },
     "execution_count": 6,
     "metadata": {},
     "output_type": "execute_result"
    }
   ],
   "source": [
    "cov_mat = returns.cov() * n_days\n",
    "cov_mat"
   ]
  },
  {
   "cell_type": "code",
   "execution_count": 7,
   "id": "aeb441ba",
   "metadata": {},
   "outputs": [
    {
     "data": {
      "text/html": [
       "<div>\n",
       "<style scoped>\n",
       "    .dataframe tbody tr th:only-of-type {\n",
       "        vertical-align: middle;\n",
       "    }\n",
       "\n",
       "    .dataframe tbody tr th {\n",
       "        vertical-align: top;\n",
       "    }\n",
       "\n",
       "    .dataframe thead th {\n",
       "        text-align: right;\n",
       "    }\n",
       "</style>\n",
       "<table border=\"1\" class=\"dataframe\">\n",
       "  <thead>\n",
       "    <tr style=\"text-align: right;\">\n",
       "      <th></th>\n",
       "      <th>AHT.L</th>\n",
       "      <th>AVV.L</th>\n",
       "      <th>BA.L</th>\n",
       "      <th>BARC.L</th>\n",
       "      <th>BATS.L</th>\n",
       "      <th>BP.L</th>\n",
       "      <th>ETH-GBP</th>\n",
       "      <th>FERG.L</th>\n",
       "      <th>GLEN.L</th>\n",
       "      <th>GSK.L</th>\n",
       "      <th>JD.L</th>\n",
       "      <th>OCDO.L</th>\n",
       "      <th>PSN.L</th>\n",
       "      <th>SGE.L</th>\n",
       "      <th>SGRO.L</th>\n",
       "      <th>VOD.L</th>\n",
       "    </tr>\n",
       "    <tr>\n",
       "      <th>Date</th>\n",
       "      <th></th>\n",
       "      <th></th>\n",
       "      <th></th>\n",
       "      <th></th>\n",
       "      <th></th>\n",
       "      <th></th>\n",
       "      <th></th>\n",
       "      <th></th>\n",
       "      <th></th>\n",
       "      <th></th>\n",
       "      <th></th>\n",
       "      <th></th>\n",
       "      <th></th>\n",
       "      <th></th>\n",
       "      <th></th>\n",
       "      <th></th>\n",
       "    </tr>\n",
       "  </thead>\n",
       "  <tbody>\n",
       "    <tr>\n",
       "      <th>2020-01-02</th>\n",
       "      <td>2341.296143</td>\n",
       "      <td>3688.335449</td>\n",
       "      <td>499.802429</td>\n",
       "      <td>171.548996</td>\n",
       "      <td>2752.842773</td>\n",
       "      <td>414.027283</td>\n",
       "      <td>96.912010</td>\n",
       "      <td>6539.429688</td>\n",
       "      <td>200.162445</td>\n",
       "      <td>1574.029785</td>\n",
       "      <td>166.014893</td>\n",
       "      <td>1259.5</td>\n",
       "      <td>2099.192871</td>\n",
       "      <td>699.369141</td>\n",
       "      <td>827.331360</td>\n",
       "      <td>128.157379</td>\n",
       "    </tr>\n",
       "    <tr>\n",
       "      <th>2020-01-03</th>\n",
       "      <td>2326.663330</td>\n",
       "      <td>3672.686768</td>\n",
       "      <td>505.723419</td>\n",
       "      <td>169.789062</td>\n",
       "      <td>2826.195557</td>\n",
       "      <td>425.392883</td>\n",
       "      <td>102.573875</td>\n",
       "      <td>6565.669434</td>\n",
       "      <td>200.660675</td>\n",
       "      <td>1580.406372</td>\n",
       "      <td>161.981339</td>\n",
       "      <td>1265.5</td>\n",
       "      <td>2065.359619</td>\n",
       "      <td>690.762695</td>\n",
       "      <td>823.654297</td>\n",
       "      <td>128.278763</td>\n",
       "    </tr>\n",
       "    <tr>\n",
       "      <th>2020-01-06</th>\n",
       "      <td>2345.198242</td>\n",
       "      <td>3658.603271</td>\n",
       "      <td>512.515137</td>\n",
       "      <td>167.640060</td>\n",
       "      <td>2824.509277</td>\n",
       "      <td>434.046295</td>\n",
       "      <td>109.558022</td>\n",
       "      <td>6471.954590</td>\n",
       "      <td>196.218140</td>\n",
       "      <td>1568.006958</td>\n",
       "      <td>163.019684</td>\n",
       "      <td>1271.5</td>\n",
       "      <td>2067.666992</td>\n",
       "      <td>688.704590</td>\n",
       "      <td>819.058105</td>\n",
       "      <td>127.533066</td>\n",
       "    </tr>\n",
       "    <tr>\n",
       "      <th>2020-01-07</th>\n",
       "      <td>2339.344971</td>\n",
       "      <td>3696.159424</td>\n",
       "      <td>513.908386</td>\n",
       "      <td>169.640854</td>\n",
       "      <td>2871.724854</td>\n",
       "      <td>429.482758</td>\n",
       "      <td>109.470100</td>\n",
       "      <td>6511.314941</td>\n",
       "      <td>196.799408</td>\n",
       "      <td>1560.921509</td>\n",
       "      <td>163.099548</td>\n",
       "      <td>1325.5</td>\n",
       "      <td>2096.885986</td>\n",
       "      <td>687.769104</td>\n",
       "      <td>812.071777</td>\n",
       "      <td>127.168884</td>\n",
       "    </tr>\n",
       "    <tr>\n",
       "      <th>2020-01-08</th>\n",
       "      <td>2367.635742</td>\n",
       "      <td>3721.197021</td>\n",
       "      <td>515.475708</td>\n",
       "      <td>168.621918</td>\n",
       "      <td>2925.263916</td>\n",
       "      <td>425.608154</td>\n",
       "      <td>107.792389</td>\n",
       "      <td>6541.303711</td>\n",
       "      <td>199.124466</td>\n",
       "      <td>1568.715576</td>\n",
       "      <td>163.538849</td>\n",
       "      <td>1334.0</td>\n",
       "      <td>2093.810303</td>\n",
       "      <td>686.459412</td>\n",
       "      <td>807.291565</td>\n",
       "      <td>127.897255</td>\n",
       "    </tr>\n",
       "    <tr>\n",
       "      <th>...</th>\n",
       "      <td>...</td>\n",
       "      <td>...</td>\n",
       "      <td>...</td>\n",
       "      <td>...</td>\n",
       "      <td>...</td>\n",
       "      <td>...</td>\n",
       "      <td>...</td>\n",
       "      <td>...</td>\n",
       "      <td>...</td>\n",
       "      <td>...</td>\n",
       "      <td>...</td>\n",
       "      <td>...</td>\n",
       "      <td>...</td>\n",
       "      <td>...</td>\n",
       "      <td>...</td>\n",
       "      <td>...</td>\n",
       "    </tr>\n",
       "    <tr>\n",
       "      <th>2022-04-19</th>\n",
       "      <td>4592.000000</td>\n",
       "      <td>2421.000000</td>\n",
       "      <td>744.891418</td>\n",
       "      <td>145.699997</td>\n",
       "      <td>3277.000000</td>\n",
       "      <td>395.835083</td>\n",
       "      <td>2385.387939</td>\n",
       "      <td>10250.000000</td>\n",
       "      <td>522.181580</td>\n",
       "      <td>1759.599976</td>\n",
       "      <td>143.050003</td>\n",
       "      <td>1143.0</td>\n",
       "      <td>2185.000000</td>\n",
       "      <td>720.200012</td>\n",
       "      <td>1355.000000</td>\n",
       "      <td>130.380005</td>\n",
       "    </tr>\n",
       "    <tr>\n",
       "      <th>2022-04-20</th>\n",
       "      <td>4776.000000</td>\n",
       "      <td>2459.000000</td>\n",
       "      <td>749.399963</td>\n",
       "      <td>148.880005</td>\n",
       "      <td>3314.000000</td>\n",
       "      <td>395.933807</td>\n",
       "      <td>2355.358887</td>\n",
       "      <td>10610.000000</td>\n",
       "      <td>505.900024</td>\n",
       "      <td>1740.800049</td>\n",
       "      <td>144.500000</td>\n",
       "      <td>1082.0</td>\n",
       "      <td>2215.000000</td>\n",
       "      <td>718.000000</td>\n",
       "      <td>1365.500000</td>\n",
       "      <td>128.460007</td>\n",
       "    </tr>\n",
       "    <tr>\n",
       "      <th>2022-04-21</th>\n",
       "      <td>4817.000000</td>\n",
       "      <td>2521.000000</td>\n",
       "      <td>741.200012</td>\n",
       "      <td>150.059998</td>\n",
       "      <td>3344.500000</td>\n",
       "      <td>397.907776</td>\n",
       "      <td>2293.736816</td>\n",
       "      <td>10790.000000</td>\n",
       "      <td>489.700012</td>\n",
       "      <td>1744.800049</td>\n",
       "      <td>147.250000</td>\n",
       "      <td>1090.0</td>\n",
       "      <td>2247.000000</td>\n",
       "      <td>727.200012</td>\n",
       "      <td>1377.000000</td>\n",
       "      <td>128.500000</td>\n",
       "    </tr>\n",
       "    <tr>\n",
       "      <th>2022-04-22</th>\n",
       "      <td>4639.000000</td>\n",
       "      <td>2519.000000</td>\n",
       "      <td>745.000000</td>\n",
       "      <td>146.699997</td>\n",
       "      <td>3339.500000</td>\n",
       "      <td>388.037811</td>\n",
       "      <td>2309.153320</td>\n",
       "      <td>10540.000000</td>\n",
       "      <td>476.200012</td>\n",
       "      <td>1742.000000</td>\n",
       "      <td>144.800003</td>\n",
       "      <td>1042.0</td>\n",
       "      <td>2215.000000</td>\n",
       "      <td>724.599976</td>\n",
       "      <td>1375.500000</td>\n",
       "      <td>127.639999</td>\n",
       "    </tr>\n",
       "    <tr>\n",
       "      <th>2022-04-25</th>\n",
       "      <td>4394.000000</td>\n",
       "      <td>2381.000000</td>\n",
       "      <td>732.200012</td>\n",
       "      <td>144.179993</td>\n",
       "      <td>3277.000000</td>\n",
